(kicad_pcb (version 20171130) (host pcbnew 5.0.2-bee76a0~70~ubuntu18.04.1)

  (general
    (thickness 1.6)
    (drawings 16)
    (tracks 97)
    (zones 0)
    (modules 10)
    (nets 9)
  )

  (page A4)
  (layers
    (0 F.Cu signal)
    (31 B.Cu signal hide)
    (32 B.Adhes user)
    (33 F.Adhes user)
    (34 B.Paste user)
    (35 F.Paste user)
    (36 B.SilkS user hide)
    (37 F.SilkS user hide)
    (38 B.Mask user)
    (39 F.Mask user)
    (40 Dwgs.User user)
    (41 Cmts.User user)
    (42 Eco1.User user)
    (43 Eco2.User user)
    (44 Edge.Cuts user)
    (45 Margin user)
    (46 B.CrtYd user)
    (47 F.CrtYd user hide)
    (48 B.Fab user)
    (49 F.Fab user hide)
  )

  (setup
    (last_trace_width 0.5)
    (user_trace_width 0.4)
    (user_trace_width 0.5)
    (trace_clearance 0.2)
    (zone_clearance 0.4)
    (zone_45_only no)
    (trace_min 0.2)
    (segment_width 0.2)
    (edge_width 0.1)
    (via_size 0.8)
    (via_drill 0.4)
    (via_min_size 0.4)
    (via_min_drill 0.2)
    (uvia_size 0.4)
    (uvia_drill 0.2)
    (uvias_allowed no)
    (uvia_min_size 0.2)
    (uvia_min_drill 0.1)
    (pcb_text_width 0.3)
    (pcb_text_size 1.5 1.5)
    (mod_edge_width 0.15)
    (mod_text_size 1 1)
    (mod_text_width 0.15)
    (pad_size 1.5 1.5)
    (pad_drill 0.6)
    (pad_to_mask_clearance 0)
    (solder_mask_min_width 0.25)
    (aux_axis_origin 0 0)
    (visible_elements FFFFFF7F)
    (pcbplotparams
      (layerselection 0x010fc_ffffffff)
      (usegerberextensions false)
      (usegerberattributes false)
      (usegerberadvancedattributes false)
      (creategerberjobfile false)
      (excludeedgelayer true)
      (linewidth 0.100000)
      (plotframeref false)
      (viasonmask false)
      (mode 1)
      (useauxorigin false)
      (hpglpennumber 1)
      (hpglpenspeed 20)
      (hpglpendiameter 15.000000)
      (psnegative false)
      (psa4output false)
      (plotreference true)
      (plotvalue true)
      (plotinvisibletext false)
      (padsonsilk false)
      (subtractmaskfromsilk false)
      (outputformat 1)
      (mirror false)
      (drillshape 1)
      (scaleselection 1)
      (outputdirectory ""))
  )

  (net 0 "")
  (net 1 GND)
  (net 2 Vcc)
  (net 3 "Net-(C2-Pad2)")
  (net 4 "Net-(C3-Pad1)")
  (net 5 "Net-(C3-Pad2)")
  (net 6 VGND)
  (net 7 "Net-(J1-Pad4)")
  (net 8 "Net-(R3-Pad2)")

  (net_class Default "This is the default net class."
    (clearance 0.2)
    (trace_width 0.2)
    (via_dia 0.8)
    (via_drill 0.4)
    (uvia_dia 0.4)
    (uvia_drill 0.2)
    (add_net GND)
    (add_net "Net-(C2-Pad2)")
    (add_net "Net-(C3-Pad1)")
    (add_net "Net-(C3-Pad2)")
    (add_net "Net-(J1-Pad4)")
    (add_net "Net-(R3-Pad2)")
    (add_net VGND)
    (add_net Vcc)
  )

  (module Capacitor_SMD:C_0805_2012Metric_Pad1.15x1.40mm_HandSolder (layer F.Cu) (tedit 5B36C52B) (tstamp 5EC4649F)
    (at 137.025 95 180)
    (descr "Capacitor SMD 0805 (2012 Metric), square (rectangular) end terminal, IPC_7351 nominal with elongated pad for handsoldering. (Body size source: https://docs.google.com/spreadsheets/d/1BsfQQcO9C6DZCsRaXUlFlo91Tg2WpOkGARC1WS5S8t0/edit?usp=sharing), generated with kicad-footprint-generator")
    (tags "capacitor handsolder")
    (path /5EA9A1BC)
    (attr smd)
    (fp_text reference C1 (at 0.025 -1.8 180) (layer F.SilkS)
      (effects (font (size 1 1) (thickness 0.15)))
    )
    (fp_text value 1µ (at 0 1.65 180) (layer F.Fab)
      (effects (font (size 1 1) (thickness 0.15)))
    )
    (fp_line (start -1 0.6) (end -1 -0.6) (layer F.Fab) (width 0.1))
    (fp_line (start -1 -0.6) (end 1 -0.6) (layer F.Fab) (width 0.1))
    (fp_line (start 1 -0.6) (end 1 0.6) (layer F.Fab) (width 0.1))
    (fp_line (start 1 0.6) (end -1 0.6) (layer F.Fab) (width 0.1))
    (fp_line (start -0.261252 -0.71) (end 0.261252 -0.71) (layer F.SilkS) (width 0.12))
    (fp_line (start -0.261252 0.71) (end 0.261252 0.71) (layer F.SilkS) (width 0.12))
    (fp_line (start -1.85 0.95) (end -1.85 -0.95) (layer F.CrtYd) (width 0.05))
    (fp_line (start -1.85 -0.95) (end 1.85 -0.95) (layer F.CrtYd) (width 0.05))
    (fp_line (start 1.85 -0.95) (end 1.85 0.95) (layer F.CrtYd) (width 0.05))
    (fp_line (start 1.85 0.95) (end -1.85 0.95) (layer F.CrtYd) (width 0.05))
    (fp_text user %R (at 0 0 180) (layer F.Fab)
      (effects (font (size 0.5 0.5) (thickness 0.08)))
    )
    (pad 1 smd roundrect (at -1.025 0 180) (size 1.15 1.4) (layers F.Cu F.Paste F.Mask) (roundrect_rratio 0.217391)
      (net 2 Vcc))
    (pad 2 smd roundrect (at 1.025 0 180) (size 1.15 1.4) (layers F.Cu F.Paste F.Mask) (roundrect_rratio 0.217391)
      (net 1 GND))
    (model ${KISYS3DMOD}/Capacitor_SMD.3dshapes/C_0805_2012Metric.wrl
      (at (xyz 0 0 0))
      (scale (xyz 1 1 1))
      (rotate (xyz 0 0 0))
    )
  )

  (module Capacitor_SMD:C_0805_2012Metric_Pad1.15x1.40mm_HandSolder (layer F.Cu) (tedit 5B36C52B) (tstamp 5EC464B0)
    (at 141.5 95 180)
    (descr "Capacitor SMD 0805 (2012 Metric), square (rectangular) end terminal, IPC_7351 nominal with elongated pad for handsoldering. (Body size source: https://docs.google.com/spreadsheets/d/1BsfQQcO9C6DZCsRaXUlFlo91Tg2WpOkGARC1WS5S8t0/edit?usp=sharing), generated with kicad-footprint-generator")
    (tags "capacitor handsolder")
    (path /5EB7D450)
    (attr smd)
    (fp_text reference C2 (at 0 -1.9 180) (layer F.SilkS)
      (effects (font (size 1 1) (thickness 0.15)))
    )
    (fp_text value 100n (at 0 1.65 180) (layer F.Fab)
      (effects (font (size 1 1) (thickness 0.15)))
    )
    (fp_text user %R (at 0 0 180) (layer F.Fab)
      (effects (font (size 0.5 0.5) (thickness 0.08)))
    )
    (fp_line (start 1.85 0.95) (end -1.85 0.95) (layer F.CrtYd) (width 0.05))
    (fp_line (start 1.85 -0.95) (end 1.85 0.95) (layer F.CrtYd) (width 0.05))
    (fp_line (start -1.85 -0.95) (end 1.85 -0.95) (layer F.CrtYd) (width 0.05))
    (fp_line (start -1.85 0.95) (end -1.85 -0.95) (layer F.CrtYd) (width 0.05))
    (fp_line (start -0.261252 0.71) (end 0.261252 0.71) (layer F.SilkS) (width 0.12))
    (fp_line (start -0.261252 -0.71) (end 0.261252 -0.71) (layer F.SilkS) (width 0.12))
    (fp_line (start 1 0.6) (end -1 0.6) (layer F.Fab) (width 0.1))
    (fp_line (start 1 -0.6) (end 1 0.6) (layer F.Fab) (width 0.1))
    (fp_line (start -1 -0.6) (end 1 -0.6) (layer F.Fab) (width 0.1))
    (fp_line (start -1 0.6) (end -1 -0.6) (layer F.Fab) (width 0.1))
    (pad 2 smd roundrect (at 1.025 0 180) (size 1.15 1.4) (layers F.Cu F.Paste F.Mask) (roundrect_rratio 0.217391)
      (net 3 "Net-(C2-Pad2)"))
    (pad 1 smd roundrect (at -1.025 0 180) (size 1.15 1.4) (layers F.Cu F.Paste F.Mask) (roundrect_rratio 0.217391)
      (net 1 GND))
    (model ${KISYS3DMOD}/Capacitor_SMD.3dshapes/C_0805_2012Metric.wrl
      (at (xyz 0 0 0))
      (scale (xyz 1 1 1))
      (rotate (xyz 0 0 0))
    )
  )

  (module Capacitor_SMD:C_0805_2012Metric_Pad1.15x1.40mm_HandSolder (layer F.Cu) (tedit 5B36C52B) (tstamp 5EC464C1)
    (at 140.45 87.975 90)
    (descr "Capacitor SMD 0805 (2012 Metric), square (rectangular) end terminal, IPC_7351 nominal with elongated pad for handsoldering. (Body size source: https://docs.google.com/spreadsheets/d/1BsfQQcO9C6DZCsRaXUlFlo91Tg2WpOkGARC1WS5S8t0/edit?usp=sharing), generated with kicad-footprint-generator")
    (tags "capacitor handsolder")
    (path /5EB7F363)
    (attr smd)
    (fp_text reference C3 (at 0.975 -2.05 180) (layer F.SilkS)
      (effects (font (size 1 1) (thickness 0.15)))
    )
    (fp_text value 1µ (at 0 1.65 90) (layer F.Fab)
      (effects (font (size 1 1) (thickness 0.15)))
    )
    (fp_line (start -1 0.6) (end -1 -0.6) (layer F.Fab) (width 0.1))
    (fp_line (start -1 -0.6) (end 1 -0.6) (layer F.Fab) (width 0.1))
    (fp_line (start 1 -0.6) (end 1 0.6) (layer F.Fab) (width 0.1))
    (fp_line (start 1 0.6) (end -1 0.6) (layer F.Fab) (width 0.1))
    (fp_line (start -0.261252 -0.71) (end 0.261252 -0.71) (layer F.SilkS) (width 0.12))
    (fp_line (start -0.261252 0.71) (end 0.261252 0.71) (layer F.SilkS) (width 0.12))
    (fp_line (start -1.85 0.95) (end -1.85 -0.95) (layer F.CrtYd) (width 0.05))
    (fp_line (start -1.85 -0.95) (end 1.85 -0.95) (layer F.CrtYd) (width 0.05))
    (fp_line (start 1.85 -0.95) (end 1.85 0.95) (layer F.CrtYd) (width 0.05))
    (fp_line (start 1.85 0.95) (end -1.85 0.95) (layer F.CrtYd) (width 0.05))
    (fp_text user %R (at 0 0 90) (layer F.Fab)
      (effects (font (size 0.5 0.5) (thickness 0.08)))
    )
    (pad 1 smd roundrect (at -1.025 0 90) (size 1.15 1.4) (layers F.Cu F.Paste F.Mask) (roundrect_rratio 0.217391)
      (net 4 "Net-(C3-Pad1)"))
    (pad 2 smd roundrect (at 1.025 0 90) (size 1.15 1.4) (layers F.Cu F.Paste F.Mask) (roundrect_rratio 0.217391)
      (net 5 "Net-(C3-Pad2)"))
    (model ${KISYS3DMOD}/Capacitor_SMD.3dshapes/C_0805_2012Metric.wrl
      (at (xyz 0 0 0))
      (scale (xyz 1 1 1))
      (rotate (xyz 0 0 0))
    )
  )

  (module Connector_PinHeader_2.54mm:PinHeader_1x04_P2.54mm_Horizontal (layer F.Cu) (tedit 59FED5CB) (tstamp 5EC4650E)
    (at 153.5 87.5)
    (descr "Through hole angled pin header, 1x04, 2.54mm pitch, 6mm pin length, single row")
    (tags "Through hole angled pin header THT 1x04 2.54mm single row")
    (path /5EB810B1)
    (fp_text reference J1 (at 0 9.5) (layer F.SilkS)
      (effects (font (size 1 1) (thickness 0.15)))
    )
    (fp_text value Conn_01x04_Male (at 4.385 9.89) (layer F.Fab)
      (effects (font (size 1 1) (thickness 0.15)))
    )
    (fp_line (start 2.135 -1.27) (end 4.04 -1.27) (layer F.Fab) (width 0.1))
    (fp_line (start 4.04 -1.27) (end 4.04 8.89) (layer F.Fab) (width 0.1))
    (fp_line (start 4.04 8.89) (end 1.5 8.89) (layer F.Fab) (width 0.1))
    (fp_line (start 1.5 8.89) (end 1.5 -0.635) (layer F.Fab) (width 0.1))
    (fp_line (start 1.5 -0.635) (end 2.135 -1.27) (layer F.Fab) (width 0.1))
    (fp_line (start -0.32 -0.32) (end 1.5 -0.32) (layer F.Fab) (width 0.1))
    (fp_line (start -0.32 -0.32) (end -0.32 0.32) (layer F.Fab) (width 0.1))
    (fp_line (start -0.32 0.32) (end 1.5 0.32) (layer F.Fab) (width 0.1))
    (fp_line (start 4.04 -0.32) (end 10.04 -0.32) (layer F.Fab) (width 0.1))
    (fp_line (start 10.04 -0.32) (end 10.04 0.32) (layer F.Fab) (width 0.1))
    (fp_line (start 4.04 0.32) (end 10.04 0.32) (layer F.Fab) (width 0.1))
    (fp_line (start -0.32 2.22) (end 1.5 2.22) (layer F.Fab) (width 0.1))
    (fp_line (start -0.32 2.22) (end -0.32 2.86) (layer F.Fab) (width 0.1))
    (fp_line (start -0.32 2.86) (end 1.5 2.86) (layer F.Fab) (width 0.1))
    (fp_line (start 4.04 2.22) (end 10.04 2.22) (layer F.Fab) (width 0.1))
    (fp_line (start 10.04 2.22) (end 10.04 2.86) (layer F.Fab) (width 0.1))
    (fp_line (start 4.04 2.86) (end 10.04 2.86) (layer F.Fab) (width 0.1))
    (fp_line (start -0.32 4.76) (end 1.5 4.76) (layer F.Fab) (width 0.1))
    (fp_line (start -0.32 4.76) (end -0.32 5.4) (layer F.Fab) (width 0.1))
    (fp_line (start -0.32 5.4) (end 1.5 5.4) (layer F.Fab) (width 0.1))
    (fp_line (start 4.04 4.76) (end 10.04 4.76) (layer F.Fab) (width 0.1))
    (fp_line (start 10.04 4.76) (end 10.04 5.4) (layer F.Fab) (width 0.1))
    (fp_line (start 4.04 5.4) (end 10.04 5.4) (layer F.Fab) (width 0.1))
    (fp_line (start -0.32 7.3) (end 1.5 7.3) (layer F.Fab) (width 0.1))
    (fp_line (start -0.32 7.3) (end -0.32 7.94) (layer F.Fab) (width 0.1))
    (fp_line (start -0.32 7.94) (end 1.5 7.94) (layer F.Fab) (width 0.1))
    (fp_line (start 4.04 7.3) (end 10.04 7.3) (layer F.Fab) (width 0.1))
    (fp_line (start 10.04 7.3) (end 10.04 7.94) (layer F.Fab) (width 0.1))
    (fp_line (start 4.04 7.94) (end 10.04 7.94) (layer F.Fab) (width 0.1))
    (fp_line (start 1.44 -1.33) (end 1.44 8.95) (layer F.SilkS) (width 0.12))
    (fp_line (start 1.44 8.95) (end 4.1 8.95) (layer F.SilkS) (width 0.12))
    (fp_line (start 4.1 8.95) (end 4.1 -1.33) (layer F.SilkS) (width 0.12))
    (fp_line (start 4.1 -1.33) (end 1.44 -1.33) (layer F.SilkS) (width 0.12))
    (fp_line (start 4.1 -0.38) (end 10.1 -0.38) (layer F.SilkS) (width 0.12))
    (fp_line (start 10.1 -0.38) (end 10.1 0.38) (layer F.SilkS) (width 0.12))
    (fp_line (start 10.1 0.38) (end 4.1 0.38) (layer F.SilkS) (width 0.12))
    (fp_line (start 4.1 -0.32) (end 10.1 -0.32) (layer F.SilkS) (width 0.12))
    (fp_line (start 4.1 -0.2) (end 10.1 -0.2) (layer F.SilkS) (width 0.12))
    (fp_line (start 4.1 -0.08) (end 10.1 -0.08) (layer F.SilkS) (width 0.12))
    (fp_line (start 4.1 0.04) (end 10.1 0.04) (layer F.SilkS) (width 0.12))
    (fp_line (start 4.1 0.16) (end 10.1 0.16) (layer F.SilkS) (width 0.12))
    (fp_line (start 4.1 0.28) (end 10.1 0.28) (layer F.SilkS) (width 0.12))
    (fp_line (start 1.11 -0.38) (end 1.44 -0.38) (layer F.SilkS) (width 0.12))
    (fp_line (start 1.11 0.38) (end 1.44 0.38) (layer F.SilkS) (width 0.12))
    (fp_line (start 1.44 1.27) (end 4.1 1.27) (layer F.SilkS) (width 0.12))
    (fp_line (start 4.1 2.16) (end 10.1 2.16) (layer F.SilkS) (width 0.12))
    (fp_line (start 10.1 2.16) (end 10.1 2.92) (layer F.SilkS) (width 0.12))
    (fp_line (start 10.1 2.92) (end 4.1 2.92) (layer F.SilkS) (width 0.12))
    (fp_line (start 1.042929 2.16) (end 1.44 2.16) (layer F.SilkS) (width 0.12))
    (fp_line (start 1.042929 2.92) (end 1.44 2.92) (layer F.SilkS) (width 0.12))
    (fp_line (start 1.44 3.81) (end 4.1 3.81) (layer F.SilkS) (width 0.12))
    (fp_line (start 4.1 4.7) (end 10.1 4.7) (layer F.SilkS) (width 0.12))
    (fp_line (start 10.1 4.7) (end 10.1 5.46) (layer F.SilkS) (width 0.12))
    (fp_line (start 10.1 5.46) (end 4.1 5.46) (layer F.SilkS) (width 0.12))
    (fp_line (start 1.042929 4.7) (end 1.44 4.7) (layer F.SilkS) (width 0.12))
    (fp_line (start 1.042929 5.46) (end 1.44 5.46) (layer F.SilkS) (width 0.12))
    (fp_line (start 1.44 6.35) (end 4.1 6.35) (layer F.SilkS) (width 0.12))
    (fp_line (start 4.1 7.24) (end 10.1 7.24) (layer F.SilkS) (width 0.12))
    (fp_line (start 10.1 7.24) (end 10.1 8) (layer F.SilkS) (width 0.12))
    (fp_line (start 10.1 8) (end 4.1 8) (layer F.SilkS) (width 0.12))
    (fp_line (start 1.042929 7.24) (end 1.44 7.24) (layer F.SilkS) (width 0.12))
    (fp_line (start 1.042929 8) (end 1.44 8) (layer F.SilkS) (width 0.12))
    (fp_line (start -1.27 0) (end -1.27 -1.27) (layer F.SilkS) (width 0.12))
    (fp_line (start -1.27 -1.27) (end 0 -1.27) (layer F.SilkS) (width 0.12))
    (fp_line (start -1.8 -1.8) (end -1.8 9.4) (layer F.CrtYd) (width 0.05))
    (fp_line (start -1.8 9.4) (end 10.55 9.4) (layer F.CrtYd) (width 0.05))
    (fp_line (start 10.55 9.4) (end 10.55 -1.8) (layer F.CrtYd) (width 0.05))
    (fp_line (start 10.55 -1.8) (end -1.8 -1.8) (layer F.CrtYd) (width 0.05))
    (fp_text user %R (at 2.77 3.81 90) (layer F.Fab)
      (effects (font (size 1 1) (thickness 0.15)))
    )
    (pad 1 thru_hole rect (at 0 0) (size 1.7 1.7) (drill 1) (layers *.Cu *.Mask)
      (net 1 GND))
    (pad 2 thru_hole oval (at 0 2.54) (size 1.7 1.7) (drill 1) (layers *.Cu *.Mask)
      (net 6 VGND))
    (pad 3 thru_hole oval (at 0 5.08) (size 1.7 1.7) (drill 1) (layers *.Cu *.Mask)
      (net 2 Vcc))
    (pad 4 thru_hole oval (at 0 7.62) (size 1.7 1.7) (drill 1) (layers *.Cu *.Mask)
      (net 7 "Net-(J1-Pad4)"))
    (model ${KISYS3DMOD}/Connector_PinHeader_2.54mm.3dshapes/PinHeader_1x04_P2.54mm_Horizontal.wrl
      (at (xyz 0 0 0))
      (scale (xyz 1 1 1))
      (rotate (xyz 0 0 0))
    )
  )

  (module Resistor_SMD:R_0805_2012Metric_Pad1.15x1.40mm_HandSolder (layer F.Cu) (tedit 5B36C52B) (tstamp 5EC4651F)
    (at 149.5 95)
    (descr "Resistor SMD 0805 (2012 Metric), square (rectangular) end terminal, IPC_7351 nominal with elongated pad for handsoldering. (Body size source: https://docs.google.com/spreadsheets/d/1BsfQQcO9C6DZCsRaXUlFlo91Tg2WpOkGARC1WS5S8t0/edit?usp=sharing), generated with kicad-footprint-generator")
    (tags "resistor handsolder")
    (path /5EB7D303)
    (attr smd)
    (fp_text reference R1 (at -0.8 1.8) (layer F.SilkS)
      (effects (font (size 1 1) (thickness 0.15)))
    )
    (fp_text value 10k (at 0 1.65) (layer F.Fab)
      (effects (font (size 1 1) (thickness 0.15)))
    )
    (fp_text user %R (at 0 0) (layer F.Fab)
      (effects (font (size 0.5 0.5) (thickness 0.08)))
    )
    (fp_line (start 1.85 0.95) (end -1.85 0.95) (layer F.CrtYd) (width 0.05))
    (fp_line (start 1.85 -0.95) (end 1.85 0.95) (layer F.CrtYd) (width 0.05))
    (fp_line (start -1.85 -0.95) (end 1.85 -0.95) (layer F.CrtYd) (width 0.05))
    (fp_line (start -1.85 0.95) (end -1.85 -0.95) (layer F.CrtYd) (width 0.05))
    (fp_line (start -0.261252 0.71) (end 0.261252 0.71) (layer F.SilkS) (width 0.12))
    (fp_line (start -0.261252 -0.71) (end 0.261252 -0.71) (layer F.SilkS) (width 0.12))
    (fp_line (start 1 0.6) (end -1 0.6) (layer F.Fab) (width 0.1))
    (fp_line (start 1 -0.6) (end 1 0.6) (layer F.Fab) (width 0.1))
    (fp_line (start -1 -0.6) (end 1 -0.6) (layer F.Fab) (width 0.1))
    (fp_line (start -1 0.6) (end -1 -0.6) (layer F.Fab) (width 0.1))
    (pad 2 smd roundrect (at 1.025 0) (size 1.15 1.4) (layers F.Cu F.Paste F.Mask) (roundrect_rratio 0.217391)
      (net 2 Vcc))
    (pad 1 smd roundrect (at -1.025 0) (size 1.15 1.4) (layers F.Cu F.Paste F.Mask) (roundrect_rratio 0.217391)
      (net 3 "Net-(C2-Pad2)"))
    (model ${KISYS3DMOD}/Resistor_SMD.3dshapes/R_0805_2012Metric.wrl
      (at (xyz 0 0 0))
      (scale (xyz 1 1 1))
      (rotate (xyz 0 0 0))
    )
  )

  (module Resistor_SMD:R_0805_2012Metric_Pad1.15x1.40mm_HandSolder (layer F.Cu) (tedit 5B36C52B) (tstamp 5EC46530)
    (at 145.525 95)
    (descr "Resistor SMD 0805 (2012 Metric), square (rectangular) end terminal, IPC_7351 nominal with elongated pad for handsoldering. (Body size source: https://docs.google.com/spreadsheets/d/1BsfQQcO9C6DZCsRaXUlFlo91Tg2WpOkGARC1WS5S8t0/edit?usp=sharing), generated with kicad-footprint-generator")
    (tags "resistor handsolder")
    (path /5EB7D26B)
    (attr smd)
    (fp_text reference R2 (at 0.675 1.8) (layer F.SilkS)
      (effects (font (size 1 1) (thickness 0.15)))
    )
    (fp_text value 10k (at 0 1.65) (layer F.Fab)
      (effects (font (size 1 1) (thickness 0.15)))
    )
    (fp_line (start -1 0.6) (end -1 -0.6) (layer F.Fab) (width 0.1))
    (fp_line (start -1 -0.6) (end 1 -0.6) (layer F.Fab) (width 0.1))
    (fp_line (start 1 -0.6) (end 1 0.6) (layer F.Fab) (width 0.1))
    (fp_line (start 1 0.6) (end -1 0.6) (layer F.Fab) (width 0.1))
    (fp_line (start -0.261252 -0.71) (end 0.261252 -0.71) (layer F.SilkS) (width 0.12))
    (fp_line (start -0.261252 0.71) (end 0.261252 0.71) (layer F.SilkS) (width 0.12))
    (fp_line (start -1.85 0.95) (end -1.85 -0.95) (layer F.CrtYd) (width 0.05))
    (fp_line (start -1.85 -0.95) (end 1.85 -0.95) (layer F.CrtYd) (width 0.05))
    (fp_line (start 1.85 -0.95) (end 1.85 0.95) (layer F.CrtYd) (width 0.05))
    (fp_line (start 1.85 0.95) (end -1.85 0.95) (layer F.CrtYd) (width 0.05))
    (fp_text user %R (at 0 0) (layer F.Fab)
      (effects (font (size 0.5 0.5) (thickness 0.08)))
    )
    (pad 1 smd roundrect (at -1.025 0) (size 1.15 1.4) (layers F.Cu F.Paste F.Mask) (roundrect_rratio 0.217391)
      (net 1 GND))
    (pad 2 smd roundrect (at 1.025 0) (size 1.15 1.4) (layers F.Cu F.Paste F.Mask) (roundrect_rratio 0.217391)
      (net 3 "Net-(C2-Pad2)"))
    (model ${KISYS3DMOD}/Resistor_SMD.3dshapes/R_0805_2012Metric.wrl
      (at (xyz 0 0 0))
      (scale (xyz 1 1 1))
      (rotate (xyz 0 0 0))
    )
  )

  (module Resistor_SMD:R_0805_2012Metric_Pad1.15x1.40mm_HandSolder (layer F.Cu) (tedit 5B36C52B) (tstamp 5EC46541)
    (at 143.525 87)
    (descr "Resistor SMD 0805 (2012 Metric), square (rectangular) end terminal, IPC_7351 nominal with elongated pad for handsoldering. (Body size source: https://docs.google.com/spreadsheets/d/1BsfQQcO9C6DZCsRaXUlFlo91Tg2WpOkGARC1WS5S8t0/edit?usp=sharing), generated with kicad-footprint-generator")
    (tags "resistor handsolder")
    (path /5EB7EE7D)
    (attr smd)
    (fp_text reference R3 (at -0.725 -1.5) (layer F.SilkS)
      (effects (font (size 1 1) (thickness 0.15)))
    )
    (fp_text value 10k (at 0 1.65) (layer F.Fab)
      (effects (font (size 1 1) (thickness 0.15)))
    )
    (fp_line (start -1 0.6) (end -1 -0.6) (layer F.Fab) (width 0.1))
    (fp_line (start -1 -0.6) (end 1 -0.6) (layer F.Fab) (width 0.1))
    (fp_line (start 1 -0.6) (end 1 0.6) (layer F.Fab) (width 0.1))
    (fp_line (start 1 0.6) (end -1 0.6) (layer F.Fab) (width 0.1))
    (fp_line (start -0.261252 -0.71) (end 0.261252 -0.71) (layer F.SilkS) (width 0.12))
    (fp_line (start -0.261252 0.71) (end 0.261252 0.71) (layer F.SilkS) (width 0.12))
    (fp_line (start -1.85 0.95) (end -1.85 -0.95) (layer F.CrtYd) (width 0.05))
    (fp_line (start -1.85 -0.95) (end 1.85 -0.95) (layer F.CrtYd) (width 0.05))
    (fp_line (start 1.85 -0.95) (end 1.85 0.95) (layer F.CrtYd) (width 0.05))
    (fp_line (start 1.85 0.95) (end -1.85 0.95) (layer F.CrtYd) (width 0.05))
    (fp_text user %R (at 0 0) (layer F.Fab)
      (effects (font (size 0.5 0.5) (thickness 0.08)))
    )
    (pad 1 smd roundrect (at -1.025 0) (size 1.15 1.4) (layers F.Cu F.Paste F.Mask) (roundrect_rratio 0.217391)
      (net 5 "Net-(C3-Pad2)"))
    (pad 2 smd roundrect (at 1.025 0) (size 1.15 1.4) (layers F.Cu F.Paste F.Mask) (roundrect_rratio 0.217391)
      (net 8 "Net-(R3-Pad2)"))
    (model ${KISYS3DMOD}/Resistor_SMD.3dshapes/R_0805_2012Metric.wrl
      (at (xyz 0 0 0))
      (scale (xyz 1 1 1))
      (rotate (xyz 0 0 0))
    )
  )

  (module Resistor_SMD:R_0805_2012Metric_Pad1.15x1.40mm_HandSolder (layer F.Cu) (tedit 5B36C52B) (tstamp 5EC46552)
    (at 147.525 87)
    (descr "Resistor SMD 0805 (2012 Metric), square (rectangular) end terminal, IPC_7351 nominal with elongated pad for handsoldering. (Body size source: https://docs.google.com/spreadsheets/d/1BsfQQcO9C6DZCsRaXUlFlo91Tg2WpOkGARC1WS5S8t0/edit?usp=sharing), generated with kicad-footprint-generator")
    (tags "resistor handsolder")
    (path /5EB7EEF6)
    (attr smd)
    (fp_text reference R4 (at 0 -1.5) (layer F.SilkS)
      (effects (font (size 1 1) (thickness 0.15)))
    )
    (fp_text value 100k (at 0 1.65) (layer F.Fab)
      (effects (font (size 1 1) (thickness 0.15)))
    )
    (fp_text user %R (at 0 0) (layer F.Fab)
      (effects (font (size 0.5 0.5) (thickness 0.08)))
    )
    (fp_line (start 1.85 0.95) (end -1.85 0.95) (layer F.CrtYd) (width 0.05))
    (fp_line (start 1.85 -0.95) (end 1.85 0.95) (layer F.CrtYd) (width 0.05))
    (fp_line (start -1.85 -0.95) (end 1.85 -0.95) (layer F.CrtYd) (width 0.05))
    (fp_line (start -1.85 0.95) (end -1.85 -0.95) (layer F.CrtYd) (width 0.05))
    (fp_line (start -0.261252 0.71) (end 0.261252 0.71) (layer F.SilkS) (width 0.12))
    (fp_line (start -0.261252 -0.71) (end 0.261252 -0.71) (layer F.SilkS) (width 0.12))
    (fp_line (start 1 0.6) (end -1 0.6) (layer F.Fab) (width 0.1))
    (fp_line (start 1 -0.6) (end 1 0.6) (layer F.Fab) (width 0.1))
    (fp_line (start -1 -0.6) (end 1 -0.6) (layer F.Fab) (width 0.1))
    (fp_line (start -1 0.6) (end -1 -0.6) (layer F.Fab) (width 0.1))
    (pad 2 smd roundrect (at 1.025 0) (size 1.15 1.4) (layers F.Cu F.Paste F.Mask) (roundrect_rratio 0.217391)
      (net 7 "Net-(J1-Pad4)"))
    (pad 1 smd roundrect (at -1.025 0) (size 1.15 1.4) (layers F.Cu F.Paste F.Mask) (roundrect_rratio 0.217391)
      (net 8 "Net-(R3-Pad2)"))
    (model ${KISYS3DMOD}/Resistor_SMD.3dshapes/R_0805_2012Metric.wrl
      (at (xyz 0 0 0))
      (scale (xyz 1 1 1))
      (rotate (xyz 0 0 0))
    )
  )

  (module my_components:SOIC-8_elongated_pads_MARCEL (layer F.Cu) (tedit 0) (tstamp 5EC46567)
    (at 146.5 91 270)
    (path /5EB7CD0E)
    (attr smd)
    (fp_text reference U1 (at -1.9 0) (layer F.SilkS)
      (effects (font (size 1 1) (thickness 0.15)))
    )
    (fp_text value MCP6002-xSN (at 0 0 270) (layer F.Fab)
      (effects (font (size 1 1) (thickness 0.15)))
    )
    (fp_line (start -1.905 4.64) (end -2.705 3.84) (layer F.SilkS) (width 0.15))
    (fp_line (start -2.705 3.84) (end -2.705 -4.64) (layer F.SilkS) (width 0.15))
    (fp_line (start -2.705 -4.64) (end 2.705 -4.64) (layer F.SilkS) (width 0.15))
    (fp_line (start 2.705 -4.64) (end 2.705 4.64) (layer F.SilkS) (width 0.15))
    (fp_line (start 2.705 4.64) (end -1.905 4.64) (layer F.SilkS) (width 0.15))
    (fp_line (start -2.85 -4.8) (end 2.85 -4.8) (layer F.CrtYd) (width 0.05))
    (fp_line (start 2.85 -4.8) (end 2.85 4.8) (layer F.CrtYd) (width 0.05))
    (fp_line (start 2.85 4.8) (end -2.85 4.8) (layer F.CrtYd) (width 0.05))
    (fp_line (start -2.85 4.8) (end -2.85 -4.8) (layer F.CrtYd) (width 0.05))
    (pad 8 smd rect (at -1.905 -2.64 270) (size 0.6 3) (layers F.Cu F.Paste F.Mask)
      (net 2 Vcc))
    (pad 1 smd rect (at -1.905 2.64 270) (size 0.6 3) (layers F.Cu F.Paste F.Mask)
      (net 6 VGND))
    (pad 7 smd rect (at -0.635 -2.64 270) (size 0.6 3) (layers F.Cu F.Paste F.Mask)
      (net 7 "Net-(J1-Pad4)"))
    (pad 2 smd rect (at -0.635 2.64 270) (size 0.6 3) (layers F.Cu F.Paste F.Mask)
      (net 6 VGND))
    (pad 6 smd rect (at 0.635 -2.64 270) (size 0.6 3) (layers F.Cu F.Paste F.Mask)
      (net 8 "Net-(R3-Pad2)"))
    (pad 3 smd rect (at 0.635 2.64 270) (size 0.6 3) (layers F.Cu F.Paste F.Mask)
      (net 3 "Net-(C2-Pad2)"))
    (pad 5 smd rect (at 1.905 -2.64 270) (size 0.6 3) (layers F.Cu F.Paste F.Mask)
      (net 6 VGND))
    (pad 4 smd rect (at 1.905 2.64 270) (size 0.6 3) (layers F.Cu F.Paste F.Mask)
      (net 1 GND))
    (model ${KISYS3DMOD}/Package_SO.3dshapes/SOIC-8_3.9x4.9mm_P1.27mm.wrl
      (at (xyz 0 0 0))
      (scale (xyz 1 1 1))
      (rotate (xyz 0 0 -90))
    )
  )

  (module my_components:SPU0410LR5H-QB_HANDSOLDER (layer F.Cu) (tedit 5EB6ACA5) (tstamp 5EC46858)
    (at 136 91.65 270)
    (path /5EB6ABF4)
    (fp_text reference U2 (at -0.784 -2.4032 270) (layer F.SilkS)
      (effects (font (size 0.32 0.32) (thickness 0.015)))
    )
    (fp_text value SPU0410LR5H-QB (at 2.0608 2.3968 270) (layer F.Fab)
      (effects (font (size 0.32 0.32) (thickness 0.015)))
    )
    (fp_poly (pts (xy -0.0005 0.4295) (xy -0.0005 0.1225) (xy -0.034399 0.123332) (xy -0.06621 0.125836)
      (xy -0.097847 0.130001) (xy -0.129223 0.135816) (xy -0.160251 0.143265) (xy -0.190847 0.152328)
      (xy -0.220926 0.16298) (xy -0.250407 0.175191) (xy -0.279209 0.188929) (xy -0.307252 0.204155)
      (xy -0.334459 0.220828) (xy -0.360757 0.238901) (xy -0.386073 0.258327) (xy -0.410337 0.279051)
      (xy -0.433484 0.301016) (xy -0.455449 0.324163) (xy -0.476173 0.348427) (xy -0.495599 0.373743)
      (xy -0.513672 0.400041) (xy -0.530345 0.427248) (xy -0.545571 0.455291) (xy -0.559309 0.484093)
      (xy -0.57152 0.513574) (xy -0.582172 0.543653) (xy -0.591235 0.574249) (xy -0.598684 0.605277)
      (xy -0.604499 0.636653) (xy -0.608664 0.66829) (xy -0.611168 0.700101) (xy -0.612 0.73)
      (xy -0.612 0.739) (xy -0.611169 0.768662) (xy -0.608664 0.800487) (xy -0.604497 0.832137)
      (xy -0.59868 0.863525) (xy -0.591227 0.894566) (xy -0.582161 0.925174) (xy -0.571505 0.955266)
      (xy -0.559288 0.984759) (xy -0.545545 1.013573) (xy -0.530313 1.041627) (xy -0.513633 1.068846)
      (xy -0.495551 1.095154) (xy -0.476118 1.120481) (xy -0.455386 1.144755) (xy -0.433411 1.167911)
      (xy -0.410255 1.189886) (xy -0.385981 1.210618) (xy -0.360654 1.230051) (xy -0.334346 1.248133)
      (xy -0.307127 1.264813) (xy -0.279073 1.280045) (xy -0.250259 1.293788) (xy -0.220766 1.306005)
      (xy -0.190674 1.316661) (xy -0.160066 1.325727) (xy -0.129025 1.33318) (xy -0.097637 1.338997)
      (xy -0.065987 1.343164) (xy -0.034162 1.345669) (xy 0 1.3465) (xy 0.001 1.3465)
      (xy 0.03511 1.34567) (xy 0.066882 1.343169) (xy 0.09848 1.339009) (xy 0.129817 1.333201)
      (xy 0.160807 1.325761) (xy 0.191365 1.31671) (xy 0.221408 1.306071) (xy 0.250853 1.293875)
      (xy 0.279619 1.280154) (xy 0.307627 1.264947) (xy 0.334801 1.248294) (xy 0.361067 1.230242)
      (xy 0.386351 1.210841) (xy 0.410586 1.190143) (xy 0.433704 1.168204) (xy 0.455643 1.145086)
      (xy 0.476341 1.120851) (xy 0.495742 1.095567) (xy 0.513794 1.069301) (xy 0.530447 1.042127)
      (xy 0.545654 1.014119) (xy 0.559375 0.985353) (xy 0.571571 0.955908) (xy 0.58221 0.925865)
      (xy 0.591261 0.895307) (xy 0.598701 0.864317) (xy 0.604509 0.83298) (xy 0.608669 0.801382)
      (xy 0.61117 0.76961) (xy 0.612 0.74) (xy 0.612 0.71) (xy 0.609978 0.675012)
      (xy 0.60646 0.643892) (xy 0.601336 0.612995) (xy 0.59462 0.582406) (xy 0.58633 0.552205)
      (xy 0.576487 0.522473) (xy 0.565119 0.493291) (xy 0.552256 0.464736) (xy 0.537933 0.436886)
      (xy 0.522187 0.409814) (xy 0.505061 0.383593) (xy 0.486601 0.358293) (xy 0.466857 0.333983)
      (xy 0.44588 0.310727) (xy 0.423729 0.288589) (xy 0.400461 0.267626) (xy 0.376139 0.247895)
      (xy 0.350829 0.22945) (xy 0.324598 0.21234) (xy 0.297517 0.19661) (xy 0.269658 0.182302)
      (xy 0.241096 0.169456) (xy 0.211907 0.158105) (xy 0.18217 0.14828) (xy 0.151964 0.140007)
      (xy 0.12137 0.133309) (xy 0.090471 0.128202) (xy 0.059349 0.124702) (xy 0.028088 0.122818)
      (xy 0.0005 0.1225) (xy 0.0005 0.4295) (xy 0.018332 0.429908) (xy 0.034121 0.431151)
      (xy 0.049822 0.433218) (xy 0.065395 0.436104) (xy 0.080794 0.439801) (xy 0.09598 0.444299)
      (xy 0.110909 0.449586) (xy 0.125541 0.455646) (xy 0.139835 0.462465) (xy 0.153753 0.470022)
      (xy 0.167257 0.478297) (xy 0.180309 0.487267) (xy 0.192874 0.496908) (xy 0.204916 0.507194)
      (xy 0.216404 0.518096) (xy 0.227306 0.529584) (xy 0.237592 0.541626) (xy 0.247233 0.554191)
      (xy 0.256203 0.567243) (xy 0.264478 0.580747) (xy 0.272035 0.594665) (xy 0.278854 0.608959)
      (xy 0.284914 0.623591) (xy 0.290201 0.63852) (xy 0.294699 0.653706) (xy 0.298396 0.669105)
      (xy 0.301282 0.684678) (xy 0.303349 0.700379) (xy 0.304592 0.716168) (xy 0.305 0.73)
      (xy 0.305 0.74) (xy 0.304276 0.758335) (xy 0.302759 0.774087) (xy 0.30042 0.789737)
      (xy 0.297266 0.805244) (xy 0.293303 0.820565) (xy 0.288545 0.835657) (xy 0.283003 0.85048)
      (xy 0.276693 0.864992) (xy 0.269632 0.879154) (xy 0.26184 0.892927) (xy 0.253337 0.906273)
      (xy 0.244148 0.919156) (xy 0.234297 0.931541) (xy 0.223811 0.943393) (xy 0.212719 0.954679)
      (xy 0.201052 0.96537) (xy 0.188841 0.975436) (xy 0.176121 0.984849) (xy 0.162925 0.993583)
      (xy 0.14929 1.001615) (xy 0.135253 1.008922) (xy 0.120853 1.015484) (xy 0.10613 1.021284)
      (xy 0.091123 1.026305) (xy 0.075874 1.030534) (xy 0.060424 1.033959) (xy 0.044817 1.036571)
      (xy 0.029094 1.038362) (xy 0.013299 1.039328) (xy 0 1.0395) (xy -0.01 1.0395)
      (xy -0.023307 1.039101) (xy -0.038822 1.03788) (xy -0.054251 1.035849) (xy -0.069554 1.033013)
      (xy -0.084686 1.02938) (xy -0.099608 1.02496) (xy -0.114278 1.019765) (xy -0.128656 1.013809)
      (xy -0.142703 1.007109) (xy -0.156379 0.999683) (xy -0.169649 0.991552) (xy -0.182474 0.982737)
      (xy -0.194821 0.973263) (xy -0.206655 0.963156) (xy -0.217944 0.952444) (xy -0.228656 0.941155)
      (xy -0.238763 0.929321) (xy -0.248237 0.916974) (xy -0.257052 0.904149) (xy -0.265183 0.890879)
      (xy -0.272609 0.877203) (xy -0.279309 0.863156) (xy -0.285265 0.848778) (xy -0.29046 0.834108)
      (xy -0.29488 0.819186) (xy -0.298513 0.804054) (xy -0.301349 0.788751) (xy -0.30338 0.773322)
      (xy -0.304601 0.757807) (xy -0.305 0.74) (xy -0.305 0.73) (xy -0.304592 0.716168)
      (xy -0.303349 0.700379) (xy -0.301282 0.684678) (xy -0.298396 0.669105) (xy -0.294699 0.653706)
      (xy -0.290201 0.63852) (xy -0.284914 0.623591) (xy -0.278854 0.608959) (xy -0.272035 0.594665)
      (xy -0.264478 0.580747) (xy -0.256203 0.567243) (xy -0.247233 0.554191) (xy -0.237592 0.541626)
      (xy -0.227306 0.529584) (xy -0.216404 0.518096) (xy -0.204916 0.507194) (xy -0.192874 0.496908)
      (xy -0.180309 0.487267) (xy -0.167257 0.478297) (xy -0.153753 0.470022) (xy -0.139835 0.462465)
      (xy -0.125541 0.455646) (xy -0.110909 0.449586) (xy -0.09598 0.444299) (xy -0.080794 0.439801)
      (xy -0.065395 0.436104) (xy -0.049822 0.433218) (xy -0.034121 0.431151) (xy -0.018332 0.429908)
      (xy -0.0005 0.4295)) (layer F.Cu) (width 0.001))
    (fp_poly (pts (xy 0.374059 1.21463) (xy 0.348366 1.233968) (xy 0.326091 1.249077) (xy 0.303163 1.263174)
      (xy 0.279626 1.27623) (xy 0.255528 1.288218) (xy 0.230917 1.299116) (xy 0.205843 1.3089)
      (xy 0.180356 1.317552) (xy 0.154507 1.325053) (xy 0.128348 1.33139) (xy 0.101932 1.336548)
      (xy 0.075311 1.340519) (xy 0.048539 1.343294) (xy 0.021669 1.344866) (xy -0.005244 1.345234)
      (xy -0.032146 1.344397) (xy -0.058984 1.342355) (xy -0.085703 1.339114) (xy -0.112251 1.334679)
      (xy -0.138573 1.32906) (xy -0.164618 1.322268) (xy -0.190332 1.314317) (xy -0.215664 1.305221)
      (xy -0.240563 1.295001) (xy -0.26498 1.283676) (xy -0.288865 1.271268) (xy -0.312171 1.257804)
      (xy -0.33485 1.243309) (xy -0.356857 1.227814) (xy -0.374059 1.21463) (xy -0.156269 0.996834)
      (xy -0.146851 1.002478) (xy -0.13723 1.007767) (xy -0.127419 1.012695) (xy -0.117431 1.017253)
      (xy -0.10728 1.021437) (xy -0.09698 1.02524) (xy -0.086546 1.028658) (xy -0.075992 1.031684)
      (xy -0.065333 1.034315) (xy -0.054583 1.036548) (xy -0.043757 1.038379) (xy -0.032871 1.039806)
      (xy -0.02194 1.040826) (xy -0.010977 1.041439) (xy 0 1.041643) (xy 0.010977 1.041439)
      (xy 0.02194 1.040826) (xy 0.032871 1.039806) (xy 0.043757 1.038379) (xy 0.054583 1.036548)
      (xy 0.065333 1.034315) (xy 0.075992 1.031684) (xy 0.086546 1.028658) (xy 0.09698 1.02524)
      (xy 0.10728 1.021437) (xy 0.117431 1.017253) (xy 0.127419 1.012695) (xy 0.13723 1.007767)
      (xy 0.146851 1.002478) (xy 0.156269 0.996834) (xy 0.374059 1.21463)) (layer F.Paste) (width 0.001))
    (fp_poly (pts (xy -0.374059 0.254375) (xy -0.356857 0.241191) (xy -0.33485 0.225696) (xy -0.312171 0.211201)
      (xy -0.288865 0.197737) (xy -0.26498 0.185329) (xy -0.240563 0.174004) (xy -0.215664 0.163784)
      (xy -0.190332 0.154688) (xy -0.164618 0.146737) (xy -0.138573 0.139945) (xy -0.112251 0.134326)
      (xy -0.085703 0.129891) (xy -0.058984 0.12665) (xy -0.032146 0.124608) (xy -0.005244 0.123771)
      (xy 0.021669 0.124139) (xy 0.048539 0.125711) (xy 0.075311 0.128486) (xy 0.101932 0.132457)
      (xy 0.128348 0.137615) (xy 0.154507 0.143952) (xy 0.180356 0.151453) (xy 0.205843 0.160105)
      (xy 0.230917 0.169889) (xy 0.255528 0.180787) (xy 0.279626 0.192775) (xy 0.303163 0.205831)
      (xy 0.326091 0.219928) (xy 0.348366 0.235037) (xy 0.374059 0.254375) (xy 0.156269 0.472166)
      (xy 0.146851 0.466522) (xy 0.13723 0.461233) (xy 0.127419 0.456305) (xy 0.117431 0.451747)
      (xy 0.10728 0.447563) (xy 0.09698 0.44376) (xy 0.086546 0.440342) (xy 0.075992 0.437316)
      (xy 0.065333 0.434685) (xy 0.054583 0.432452) (xy 0.043757 0.430621) (xy 0.032871 0.429194)
      (xy 0.02194 0.428174) (xy 0.010977 0.427561) (xy 0 0.427357) (xy -0.010977 0.427561)
      (xy -0.02194 0.428174) (xy -0.032871 0.429194) (xy -0.043757 0.430621) (xy -0.054583 0.432452)
      (xy -0.065333 0.434685) (xy -0.075992 0.437316) (xy -0.086546 0.440342) (xy -0.09698 0.44376)
      (xy -0.10728 0.447563) (xy -0.117431 0.451747) (xy -0.127419 0.456305) (xy -0.13723 0.461233)
      (xy -0.146851 0.466522) (xy -0.156269 0.472166) (xy -0.374059 0.254375)) (layer F.Paste) (width 0.001))
    (fp_poly (pts (xy -0.480125 1.10856) (xy -0.49926 1.083151) (xy -0.514192 1.061179) (xy -0.528139 1.038568)
      (xy -0.541072 1.015363) (xy -0.552968 0.991609) (xy -0.563801 0.967353) (xy -0.573552 0.942641)
      (xy -0.582201 0.917522) (xy -0.589731 0.892046) (xy -0.596128 0.866262) (xy -0.601379 0.84022)
      (xy -0.605474 0.813971) (xy -0.608405 0.787568) (xy -0.610165 0.76106) (xy -0.610752 0.734501)
      (xy -0.610165 0.707941) (xy -0.608405 0.681433) (xy -0.605474 0.65503) (xy -0.601379 0.628781)
      (xy -0.596128 0.602739) (xy -0.589731 0.576955) (xy -0.582201 0.551479) (xy -0.573552 0.52636)
      (xy -0.563801 0.501648) (xy -0.552968 0.477392) (xy -0.541072 0.453638) (xy -0.528139 0.430433)
      (xy -0.514192 0.407822) (xy -0.49926 0.38585) (xy -0.480125 0.360441) (xy -0.262334 0.578231)
      (xy -0.267978 0.587649) (xy -0.273267 0.59727) (xy -0.278195 0.607081) (xy -0.282753 0.617069)
      (xy -0.286937 0.62722) (xy -0.29074 0.63752) (xy -0.294158 0.647954) (xy -0.297184 0.658508)
      (xy -0.299815 0.669167) (xy -0.302048 0.679917) (xy -0.303879 0.690743) (xy -0.305306 0.701629)
      (xy -0.306326 0.71256) (xy -0.306939 0.723523) (xy -0.307143 0.7345) (xy -0.306939 0.745477)
      (xy -0.306326 0.75644) (xy -0.305306 0.767371) (xy -0.303879 0.778257) (xy -0.302048 0.789083)
      (xy -0.299815 0.799833) (xy -0.297184 0.810492) (xy -0.294158 0.821046) (xy -0.29074 0.83148)
      (xy -0.286937 0.84178) (xy -0.282753 0.851931) (xy -0.278195 0.861919) (xy -0.273267 0.87173)
      (xy -0.267978 0.881351) (xy -0.262334 0.890769) (xy -0.480125 1.10856)) (layer F.Paste) (width 0.001))
    (fp_line (start -1.5 1.88) (end -1.5 -1.88) (layer F.Fab) (width 0.127))
    (fp_line (start -1.5 -1.88) (end 1.5 -1.88) (layer F.Fab) (width 0.127))
    (fp_line (start 1.5 -1.88) (end 1.5 1.88) (layer F.Fab) (width 0.127))
    (fp_line (start 1.5 1.88) (end -1.5 1.88) (layer F.Fab) (width 0.127))
    (fp_line (start -1.55 -1.93) (end 1.55 -1.93) (layer F.SilkS) (width 0.127))
    (fp_line (start 1.55 -1.93) (end 1.55 1.93) (layer F.SilkS) (width 0.127))
    (fp_line (start 1.55 1.93) (end -1.55 1.93) (layer F.SilkS) (width 0.127))
    (fp_line (start -1.55 1.93) (end -1.55 -1.93) (layer F.SilkS) (width 0.127))
    (fp_line (start -1.75 2.13) (end -1.75 -2.13) (layer F.CrtYd) (width 0.05))
    (fp_line (start -1.75 -2.13) (end 1.75 -2.13) (layer F.CrtYd) (width 0.05))
    (fp_line (start 1.75 -2.13) (end 1.75 2.13) (layer F.CrtYd) (width 0.05))
    (fp_line (start 1.75 2.13) (end -1.75 2.13) (layer F.CrtYd) (width 0.05))
    (fp_circle (center -2 -1.5) (end -1.9 -1.5) (layer F.SilkS) (width 0.2))
    (fp_circle (center -2 -1.5) (end -1.9 -1.5) (layer F.Fab) (width 0.2))
    (pad 5 smd roundrect (at 0 -2.65 90) (size 0.5 3) (layers F.Cu F.Paste F.Mask) (roundrect_rratio 0.5)
      (net 1 GND))
    (pad 4 smd roundrect (at 0.966 -2.65 90) (size 0.5 3) (layers F.Cu F.Paste F.Mask) (roundrect_rratio 0.5)
      (net 2 Vcc))
    (pad 1 smd roundrect (at -0.966 -2.65 90) (size 0.5 3) (layers F.Cu F.Paste F.Mask) (roundrect_rratio 0.5)
      (net 4 "Net-(C3-Pad1)"))
    (pad 5 smd circle (at 0 -1.3685 270) (size 0.612 0.612) (layers F.Cu F.Paste F.Mask)
      (net 1 GND))
    (pad 1 smd circle (at -0.966 -1.3685 270) (size 0.723 0.723) (layers F.Cu F.Paste F.Mask)
      (net 4 "Net-(C3-Pad1)"))
    (pad 2 smd circle (at -1.015 1.3685 270) (size 0.562 0.562) (layers F.Cu F.Paste F.Mask)
      (net 1 GND))
    (pad 3 smd circle (at 1.015 1.3685 270) (size 0.562 0.562) (layers F.Cu F.Paste F.Mask)
      (net 1 GND))
    (pad 4 smd circle (at 0.966 -1.3685 270) (size 0.723 0.723) (layers F.Cu F.Paste F.Mask)
      (net 2 Vcc))
    (pad 6 thru_hole circle (at 0 0.7345 270) (size 1.2 1.2) (drill 1) (layers *.Cu *.Mask)
      (net 1 GND))
    (model "/home/marcel/PCB/my_components.pretty/KNOWLES - SPU0410LR5H-QB.step"
      (offset (xyz 0 -0.75 0))
      (scale (xyz 1 1 1))
      (rotate (xyz 0 0 0))
    )
  )

  (gr_line (start 147.5 95) (end 151.75 95) (layer B.SilkS) (width 0.5) (tstamp 5EC47D23))
  (gr_line (start 147.5 92.5) (end 151.75 92.5) (layer B.SilkS) (width 0.5) (tstamp 5EC47D23))
  (gr_line (start 150 90) (end 151.75 90) (layer B.SilkS) (width 0.5) (tstamp 5EC47D23))
  (gr_line (start 147.5 87.5) (end 152 87.5) (layer B.SilkS) (width 0.5))
  (gr_text "Mic.\nPort" (at 135.25 87.25 90) (layer B.SilkS)
    (effects (font (size 0.7 0.7) (thickness 0.15)) (justify mirror))
  )
  (gr_line (start 135.75 89.5) (end 135.25 90) (layer B.SilkS) (width 0.2))
  (gr_line (start 134.75 89.5) (end 135.25 90) (layer B.SilkS) (width 0.2))
  (gr_line (start 135.25 88.5) (end 135.25 90) (layer B.SilkS) (width 0.2))
